0.0,0.99,0.01,0.0
0.2002002002002002,0.989900612251336,0.010059229056857773,4.015869180637912e-05
0.4004004004004004,0.9898006460161902,0.010118798790315608,8.055519349434067e-05
0.6006006006006006,0.9897000982097037,0.01017871096958143,0.00012119082071493366
0.8008008008008008,0.989598965242688,0.010238967651951335,0.00016206710536073826
1.001001001001001,0.98949724504065,0.010299570020429256,0.00020318493892091294
1.2012012012012012,0.9893949339064804,0.010360520191408857,0.00024454590211085437
1.4014014014014016,0.9892920283893238,0.010421820141769976,0.0002861514689062938
1.6016016016016017,0.9891885250383247,0.010483471848392451,0.0003280031132829623
1.8018018018018018,0.9890844204026273,0.010545477288156123,0.0003701023092165913
2.002002002002002,0.9889797110313764,0.010607838437940829,0.0004124505306829121
2.2022022022022023,0.988874393473716,0.01067055727462641,0.0004550492516576557
2.4024024024024024,0.9887684642787908,0.010733635775092705,0.0004978999461165535
2.6026026026026026,0.9886619199957452,0.010797075916219553,0.0005410040880353367
2.802802802802803,0.9885547571743766,0.010860879674411524,0.0005843631512121024
3.0030030030030033,0.9884469724927224,0.010925048932723063,0.0006279785745547189
3.2032032032032034,0.988338562624795,0.010989585577138899,0.0006718517980662685
3.4034034034034035,0.9882295241607196,0.011054491554707693,0.0007159842845728825
3.6036036036036037,0.9881198536906214,0.011119768812478106,0.0007603774969006925
3.8038038038038042,0.9880095478046255,0.011185419297498802,0.0008050328978758296
4.004004004004004,0.9878986030928573,0.011251444956818442,0.0008499519503244252
4.2042042042042045,0.9877870161454418,0.011317847737485688,0.0008951361170726107
4.404404404404405,0.9876747835525045,0.011384629586549202,0.0009405868609465173
4.604604604604605,0.9875619019041703,0.011451792451057645,0.0009863056447722764
4.804804804804805,0.9874483677905644,0.01151933827805968,0.0010322939313760196
5.005005005005005,0.9873341774920285,0.01158726917708307,0.0010785533308886447
5.205205205205205,0.987219326906921,0.011655587458002268,0.0011250856350768553
5.405405405405406,0.9871038124405622,0.01172429516479477,0.0011718923946431865
5.605605605605606,0.9869876305123565,0.011793394334050848,0.0012189751535928628
5.805805805805806,0.9868707775417083,0.011862887002360774,0.0012663354559311088
6.0060060060060065,0.9867532499480223,0.011932775206314822,0.0013139748456631492
6.206206206206207,0.9866350441507027,0.012003060982503266,0.0013618948667942089
6.406406406406407,0.9865161565691543,0.012073746367516375,0.0014100970633295126
6.606606606606607,0.9863965836227815,0.012144833397944426,0.0014585829792742844
6.806806806806807,0.9862763217309888,0.012216324110377692,0.0015073541586337496
7.007007007007007,0.9861553607668437,0.012288223936517203,0.0015564152966393743
7.207207207207207,0.9860337114241398,0.01236052750986169,0.0016057610659988037
7.407407407407407,0.9859113605451075,0.012433241833987784,0.0016553976209049324
7.6076076076076085,0.9857883045133911,0.01250636896403212,0.0017053265225770845
7.807807807807809,0.9856645396952797,0.012579910964131965,0.0017555493405886679
8.008008008008009,0.9855400624397078,0.012653869907425222,0.0018060676528671743
8.208208208208209,0.9854148690782557,0.012728247876050432,0.0018568830456941806
8.408408408408409,0.9852889559251482,0.012803046961146772,0.001907997113705347
8.608608608608609,0.9851623192772558,0.012878269262854057,0.0019594114598904186
8.80880880880881,0.9850349554140944,0.012953916890312734,0.0020111276955932242
9.00900900900901,0.9849068605609366,0.01302999198030098,0.002063147458762702
9.20920920920921,0.9847780303495399,0.013106496969693009,0.0021154726807673116
9.40940940940941,0.9846484606878885,0.01318343415603668,0.0021681051560751624
9.60960960960961,0.9845181476476427,0.013260805754417508,0.002221046597940096
9.80980980980981,0.9843870872764383,0.013338613992291692,0.0022742987312702797
10.01001001001001,0.984255275597886,0.01341686110948612,0.0023278632926282032
10.21021021021021,0.9841227086115713,0.013495549358198357,0.002381742030230681
10.41041041041041,0.9839893822930548,0.01357468100299666,0.002435936703948851
10.61061061061061,0.9838552925938722,0.013654258320819974,0.002490449085308175
10.810810810810812,0.983720435441534,0.013734283600977922,0.002545280957488439
11.011011011011012,0.9835848067395258,0.01381475914515082,0.002600434115323751
11.211211211211213,0.9834484023673081,0.013895687267389663,0.0026559103653025456
11.411411411411413,0.9833112181803165,0.013977070294116135,0.002711711525567579
11.611611611611613,0.9831732500099617,0.014058910564122609,0.002767839425915933
11.811811811811813,0.9830344936636292,0.014141210428572137,0.002824295907799011
12.012012012012013,0.9828949449246793,0.014223972250998463,0.0028810828243225426
12.212212212212213,0.9827545995524477,0.01430719840730601,0.0029382020402465795
12.412412412412413,0.9826134532822449,0.014390891285769892,0.002995655431985498
12.612612612612613,0.9824715018253564,0.014475053287035904,0.003053444887607998
12.812812812812814,0.9823287408878854,0.014559686812331107,0.00311157229978386
13.013013013013014,0.9821851663730812,0.01464479413687143,0.0031700394900476842
13.213213213213214,0.9820407740326441,0.014730377628032539,0.003228848339323684
13.413413413413414,0.9818955595345618,0.014816439702905818,0.003288000762532761
13.613613613613614,0.9817495185253352,0.01490298278936514,0.0033474986852999686
13.813813813813814,0.981602646629979,0.014990009326066847,0.0034073440439545077
14.014014014014014,0.9814549394520208,0.015077521762449768,0.003467538785529729
14.214214214214214,0.9813063925735019,0.015165522558735201,0.0035280848677631325
14.414414414414415,0.981157001554977,0.015254014185926926,0.0035889842590963662
14.614614614614615,0.9810067619355138,0.015342999125811206,0.003650238938675228
14.814814814814815,0.9808556692326938,0.015432479870956774,0.003711850896349665
15.015015015015017,0.9807037189426117,0.015522458924714847,0.0037738221326737735
15.215215215215217,0.9805509065398754,0.015612938801219117,0.0038361546589057976
15.415415415415417,0.9803972274776064,0.015703922025385758,0.0038988504970081314
15.615615615615617,0.9802426771874395,0.015795411132913415,0.003961911679647319
15.815815815815817,0.980087251079523,0.01588740867028322,0.004025340250194052
16.016016016016017,0.9799309445425184,0.015979917194758775,0.004089138262723171
16.216216216216218,0.9797737529436005,0.016072939274386168,0.004153307782013668
16.416416416416418,0.9796156716284576,0.01616647748799396,0.0042178508835486826
16.616616616616618,0.9794566959438548,0.016260534409933764,0.004282769646211726
16.816816816816818,0.9792968214197363,0.016355112486924544,0.0043480660933394415
17.017017017017018,0.9791360434336459,0.01645021426500454,0.00441374230134987
17.217217217217218,0.9789743572943284,0.016545842332991598,0.004479800372680315
17.41741741741742,0.9788117582913924,0.01664199928889647,0.004546242419711398
17.61761761761762,0.9786482416953104,0.016738687739922837,0.004613070564767063
17.81781781781782,0.9784838027574184,0.016835910302467293,0.004680286940114575
18.01801801801802,0.9783184367099165,0.01693366960211935,0.00474789368796452
18.21821821821822,0.978152138765868,0.01703196827366143,0.004815892960470806
18.41841841841842,0.9779849041192008,0.017130808961068878,0.004884286919730661
18.61861861861862,0.9778167279447056,0.017230194317509957,0.0049530777377846365
18.81881881881882,0.9776476053980379,0.017330127005345843,0.005022267596616603
19.01901901901902,0.9774775316157159,0.017430609696130625,0.005091858688153752
19.21921921921922,0.9773065017151223,0.017531645070611324,0.0051618532142666
19.41941941941942,0.9771345107945034,0.017633235818727857,0.0052322533867689815
19.61961961961962,0.9769615539329691,0.017735384639613074,0.005303061427418052
19.81981981981982,0.9767876261904933,0.01783809424159273,0.0053742795679142885
20.02002002002002,0.9766127226079133,0.017941367342185512,0.005445910049901492
20.22022022022022,0.9764368382069305,0.018045206668103005,0.0055179551249667814
20.42042042042042,0.9762599679845723,0.01814961495242139,0.0055904170630066315
20.62062062062062,0.9760821068791508,0.018254594917195135,0.005663298203654395
20.82082082082082,0.9759032498375659,0.018360149307831423,0.005736600854602992
21.02102102102102,0.9757233917953807,0.018466280882913796,0.005810327321705862
21.22122122122122,0.9755425276685628,0.01857299240998425,0.005884479921453337
21.421421421421424,0.9753606523534845,0.01868028666554321,0.005959060980972642
21.621621621621625,0.9751777607269229,0.018788166435049537,0.006034072838027888
21.821821821821825,0.9749938476460597,0.018896634512920542,0.006109517841020081
22.022022022022025,0.9748089079484812,0.019005693702531964,0.006185398348987117
22.222222222222225,0.9746229364521786,0.019115346816217994,0.006261716731603781
22.422422422422425,0.9744359279555473,0.019225596675271246,0.006338475369181751
22.622622622622625,0.9742478772373879,0.01933644610994279,0.006415676652669595
22.822822822822825,0.9740587790569054,0.01944789795944212,0.006493322983652773
23.023023023023026,0.9738686281537094,0.019559955071937186,0.006571416774353634
23.223223223223226,0.9736774192478146,0.019672620304554356,0.006649960447631419
23.423423423423426,0.9734851470396396,0.019785896523378456,0.006728956436982259
23.623623623623626,0.9732918062100084,0.019899786603452745,0.006808407186539177
23.823823823823826,0.9730973914201493,0.020014293428778914,0.006888315151072086
24.024024024024026,0.9729018973116954,0.020129419892317105,0.006968682795987792
24.224224224224226,0.972705318504562,0.020245168888240135,0.007049512607198217
24.424424424424426,0.9725076495869573,0.02036154327547947,0.007130807137563538
24.624624624624627,0.9723088851367082,0.020478545955549307,0.007212568907742837
24.824824824824827,0.9721090197140653,0.02059617984629182,0.007294800439643183
25.025025025025027,0.9719080478595409,0.0207144478739847,0.007377504266474733
25.225225225225227,0.9717059640939084,0.020833352973341168,0.0074606829327507375
25.425425425425427,0.9715027629182028,0.020952898087509962,0.00754433899428754
25.625625625625627,0.9712984388137204,0.02107308616807536,0.007628475018204572
25.825825825825827,0.9710929862420188,0.021193920175057158,0.007713093582924363
26.026026026026027,0.9708863996449171,0.021315403076910676,0.007798197278172528
26.226226226226228,0.9706786734444958,0.021437537850526763,0.007883788704977778
26.426426426426428,0.9704698020430966,0.021560327481231798,0.007969870475671914
26.626626626626628,0.9702597798233228,0.021683774962787682,0.00805644521388983
26.826826826826828,0.9700486011480389,0.021807883297391837,0.00814351555456951
27.027027027027028,0.9698362603603711,0.02193265549567722,0.008231084143952034
27.227227227227228,0.9696227517837064,0.022058094576712307,0.008319153639581568
27.42742742742743,0.9694080697216938,0.022184203568001104,0.008407726710305374
27.62762762762763,0.9691922084582434,0.022310985505483143,0.008496806036273806
27.82782782782783,0.9689751622575266,0.02243844343353348,0.008586394308940306
28.02802802802803,0.9687569253710313,0.022566580384580114,0.008676494244388782
28.22822822822823,0.9685374920623802,0.022695399307406328,0.008767108630213825
28.42842842842843,0.9683168565479617,0.022824903238662434,0.008858240213376035
28.62862862862863,0.9680950130197311,0.022955095237000362,0.008949891743268764
28.82882882882883,0.9678719556501728,0.023085978368731587,0.009042065981095845
29.02902902902903,0.9676476785923015,0.023217555707827117,0.009134765699871586
29.22922922922923,0.967422175979662,0.02334983033591751,0.009227993684420769
29.42942942942943,0.9671954419263288,0.023482805342292863,0.009321752731378658
29.62962962962963,0.9669674705269065,0.023616483823902815,0.009416045649190996
29.82982982982983,0.9667382558565297,0.023750868885356543,0.009510875258113997
30.030030030030034,0.9665077919708631,0.023885963638922765,0.009606244390214364
30.230230230230234,0.9662760729061013,0.024021771204529745,0.009702155889369261
30.430430430430434,0.9660430926789686,0.02415829470976528,0.009798612611266341
30.630630630630634,0.9658088452867198,0.024295537289876722,0.009895617423403735
30.830830830830834,0.9655733247071393,0.02443350208777095,0.009993173205090045
31.031031031031034,0.9653365248985415,0.024572192254014392,0.010091282847444356
31.231231231231234,0.9650984397997711,0.024711610946833017,0.010189949253396228
31.431431431431434,0.9648590633302022,0.024851761332112327,0.010289175337685696
31.631631631631635,0.9646183893897395,0.02499264658339738,0.01038896402686328
31.831831831831835,0.9643764118588175,0.02513426988189276,0.010489318259289969
32.032032032032035,0.9641331245984004,0.025276634416462607,0.010590240985137235
32.232232232232235,0.9638885214499826,0.025419743383630587,0.010691735166387027
32.432432432432435,0.9636425962355886,0.02556359998757992,0.010793803776831767
32.632632632632635,0.9633953427794322,0.025708207403773626,0.010896449816794485
32.832832832832835,0.9631467550072627,0.025853568612092283,0.010999676380645326
33.033033033033036,0.9628968267285032,0.02599968676275667,0.011103486508740375
33.233233233233236,0.9626455517120426,0.026146565049027157,0.011207883238930561
33.433433433433436,0.9623929237082876,0.026294206670163765,0.01131286962154892
33.633633633633636,0.9621389364491635,0.026442614831426167,0.0114184487194106
33.833833833833836,0.9618835836481138,0.026591792744073698,0.011524623607812859
34.034034034034036,0.9616268590000999,0.026741743625365334,0.011631397374535056
34.234234234234236,0.9613687561816019,0.026892470698559715,0.011738773119838666
34.434434434434436,0.9611092688506179,0.027043977192915125,0.011846753956467268
34.63463463463464,0.9608483906466642,0.02719626634368951,0.011955343009646556
34.83483483483484,0.9605861151907755,0.027349341392140458,0.012064543417084324
35.03503503503504,0.9603224360855046,0.027503205585525225,0.01217435832897048
35.23523523523524,0.9600573469149225,0.027657862177100704,0.012284790907977041
35.43543543543544,0.9597908412446187,0.027813314426123448,0.012395844329258127
35.63563563563564,0.9595229126217006,0.02796956559784967,0.012507521780449973
35.83583583583584,0.9592535545747941,0.028126618963535226,0.01261982646167092
36.03603603603604,0.9589827606140432,0.028284477800435626,0.012732761585521415
36.23623623623624,0.9587105242311103,0.028443145391806042,0.01284633037708402
36.43643643643644,0.9584368388991756,0.028602625026901286,0.012960536073923399
36.63663663663664,0.9581616980729382,0.02876292000097584,0.013075381926086328
36.83683683683684,0.9578850951886148,0.028924033615283815,0.01319087119610169
37.03703703703704,0.9576070236639408,0.029085969177078997,0.013307007158980479
37.23723723723724,0.9573274769260975,0.029248729965087986,0.013423793108814638
37.43743743743744,0.9570464485812357,0.029412319019932444,0.013541232398832042
37.63763763763764,0.9567639320788326,0.02957673955907687,0.013659328362090736
37.83783783783784,0.9564799208114976,0.02974199485344174,0.013778084335060916
38.03803803803804,0.9561944081557332,0.029908088177010933,0.013897503667256074
38.23823823823824,0.9559073874719355,0.03007502280683167,0.014017589721232997
38.43843843843844,0.9556188521043939,0.030242802023014572,0.014138345872591771
38.63863863863864,0.9553287953812908,0.03041142910873363,0.014259775509975776
38.83883883883884,0.9550372106147023,0.030580907350226207,0.01438188203507169
39.03903903903904,0.9547440911005977,0.030751240036793047,0.014504668862609486
39.23923923923924,0.9544494301188395,0.03092243046079827,0.014628139420362432
39.43943943943944,0.9541532209331838,0.031094481917669368,0.014752297149147098
39.63963963963964,0.9538554567912796,0.03126739770589721,0.014877145502823345
39.83983983983984,0.9535561309246698,0.031441181127036054,0.015002687948294333
40.04004004004004,0.9532552365487902,0.031615835485703514,0.015128927965506517
40.24024024024024,0.9529527668629699,0.03179136408958059,0.015255869047449648
40.44044044044044,0.9526487150504318,0.03196777024941166,0.015383514700156775
40.64064064064064,0.9523430742782915,0.03214505727900448,0.015511868442704245
40.84084084084084,0.9520358376975583,0.03232322849523016,0.015640933807211693
41.04104104104104,0.9517269985428559,0.032502287115797876,0.015770714341346425
41.24124124124124,0.9514165501343159,0.032682236257313334,0.01590121360837096
41.44144144144144,0.9511044856239382,0.03286307919528887,0.016032435180773196
41.64164164164164,0.9507907981467651,0.03304481920917212,0.01616438264406297
41.84184184184184,0.9504754808240463,0.033227459579102434,0.01629705959685152
42.04204204204204,0.9501585267632379,0.03341100358591091,0.016430469650851473
42.24224224224224,0.949839929058003,0.03359545451112037,0.01656461643087686
42.44244244244244,0.9495196807882118,0.033780815636945356,0.016699503574843108
42.64264264264264,0.9491977750199411,0.03396709024629216,0.01683513473376705
42.84284284284285,0.9488742048054746,0.03415428162275879,0.016971513571766905
43.04304304304305,0.948548963183303,0.03434239305063499,0.01710864376606229
43.24324324324325,0.9482220431781238,0.03453142781490222,0.01724652900697423
43.44344344344345,0.9478934378008415,0.03472138920123369,0.017385172997925146
43.64364364364365,0.947563140048567,0.03491228049599434,0.01752457945543885
43.84384384384385,0.9472311429046189,0.03510410498624083,0.017664752109140553
44.04404404404405,0.9468974393385218,0.03529686595972155,0.017805694701756875
44.24424424424425,0.9465620223060078,0.035490566704876624,0.01794741098911582
44.44444444444445,0.9462248847490156,0.035685210510837916,0.018089904740146802
44.64464464464465,0.9458860196080945,0.0358808006552204,0.018233179736685295
44.84484484484485,0.9455454200991528,0.036077340131732576,0.018377239769114845
45.04504504504505,0.9452030793036555,0.03627483205352441,0.018522088642820286
45.24524524524525,0.9448589901806268,0.0364732796413746,0.018667730177998762
45.44544544544545,0.9445131456788494,0.03667268611325791,0.018814168207892876
45.64564564564565,0.9441655387368643,0.03687305468434522,0.018961406578790713
45.84584584584585,0.9438161622829709,0.03707438856700347,0.019109449150025822
46.04604604604605,0.9434650092352272,0.03727669097079571,0.01925829979397722
46.24624624624625,0.9431120725014498,0.03747996510248105,0.019407962396069404
46.44644644644645,0.9427573449792132,0.03768421416601471,0.019558440854772336
46.64664664664665,0.9424008195558508,0.037889441362548,0.019709739081601445
46.84684684684685,0.9420424891084542,0.03809564989042831,0.019861861001117635
47.04704704704705,0.9416823465038738,0.0383028429451991,0.02001481055092728
47.24724724724725,0.941320384598718,0.038511023719599954,0.02016859168168223
47.44744744744745,0.9409565962393539,0.03872019540356652,0.020323208357079795
47.64764764764765,0.9405909742619069,0.03893036118423053,0.020478664553862765
47.84784784784785,0.940223511492261,0.03914152424591982,0.020634964261819395
48.04804804804805,0.9398542007460585,0.039353687770158303,0.020792111483783415
48.24824824824825,0.9394830348287002,0.03956685493566599,0.020950110235634017
48.44844844844845,0.9391100066488642,0.03978102881386974,0.021108964537266198
48.64864864864865,0.9387351094308403,0.03999621217345896,0.021268678395700957
48.84884884884885,0.9383583360729522,0.04021240807092946,0.021429255856118545
49.04904904904905,0.9379796794348881,0.040429619586108786,0.021590700979003244
49.24924924924925,0.9375991323706866,0.04064784979179406,0.021753017837519567
49.44944944944945,0.9372166877287359,0.040867101753751994,0.021916210517512254
49.64964964964965,0.936832338351775,0.04108737853071886,0.02208028311750627
49.84984984984985,0.9364460770768929,0.04130868317440053,0.022245239748706815
50.050050050050054,0.9360578967355284,0.04153101872947243,0.022411084534999307
50.250250250250254,0.9356677901534712,0.041754388233579576,0.02257782161294939
50.450450450450454,0.9352757501508607,0.041978794717336565,0.02274545513180294
50.650650650650654,0.9348817695421866,0.042204241204327565,0.022913989253486068
50.850850850850854,0.9344858411362887,0.042430730711106326,0.02308342815260509
51.051051051051054,0.9340879577363574,0.04265826624719618,0.023253776016446574
51.251251251251254,0.9336881121399329,0.042886850815090014,0.023425037044977292
51.451451451451454,0.9332862971389057,0.04311648741025033,0.023597215450844262
51.651651651651655,0.9328825055195163,0.04334717902110917,0.02377031545937472
51.851851851851855,0.9324767300623559,0.04357892862906819,0.023944341308576124
52.052052052052055,0.9320689635428638,0.043811739208059995,0.024119297249076386
52.252252252252255,0.9316591990445691,0.04404561344888567,0.024295187506545423
52.452452452452455,0.9312474296742892,0.04428055400984925,0.024472016315861767
52.652652652652655,0.9308336483063346,0.044516563741866154,0.024649787951799427
52.852852852852855,0.930417847816225,0.04475364548278531,0.02482850670098979
53.053053053053056,0.9300000210806894,0.04499180205738919,0.02500817686192164
53.253253253253256,0.9295801609776653,0.045231036277393784,0.025188802744941154
53.453453453453456,0.9291582603862997,0.045471350941448614,0.025370388672251887
53.653653653653656,0.9287343121869487,0.045712748835136735,0.025552938977914802
53.853853853853856,0.9283083092611772,0.04595523273097473,0.025736458007848236
54.054054054054056,0.9278802444917595,0.046198805388412714,0.025920950119827934
54.254254254254256,0.9274501107626788,0.04644346955383431,0.026106419683487012
54.454454454454456,0.9270179009591275,0.0466892279605567,0.026292871080315996
54.65465465465466,0.9265836079675068,0.04693608332883058,0.02648030870366279
54.85485485485486,0.9261472246754273,0.04718403836584017,0.026668736958732692
55.05505505505506,0.9257087439717085,0.047433095765703225,0.02685816026258839
55.25525525525526,0.9252681588292626,0.04768325814045814,0.027048583030279325
55.45545545545546,0.9248254624851928,0.04793452787010525,0.027240009644702055
55.65565565565566,0.924380647944186,0.04818690751610621,0.027432444539707928
55.85585585585586,0.9239337081896829,0.04844039964555356,0.027625892164763605
56.05605605605606,0.9234846362114516,0.04869500680821182,0.02782035698033662
56.25625625625626,0.9230334250055872,0.04895073153651752,0.028015843457895387
56.45645645645646,0.9225800675745117,0.04920757634557916,0.028212356079909198
56.65665665665666,0.9221245569269746,0.04946554373317721,0.028409899339848232
56.85685685685686,0.9216668860780524,0.04972463617976413,0.02860847774218353
57.05705705705706,0.9212070480491487,0.04998485614846438,0.028808095802387027
57.25725725725726,0.9207450358679942,0.05024620608507438,0.02900875804693153
57.45745745745746,0.9202808425686468,0.05050868841806254,0.029210469013290725
57.65765765765766,0.9198144611914916,0.050772305558569264,0.029413233249939177
57.85785785785786,0.9193458847832409,0.05103705990040693,0.02961705531635233
58.05805805805806,0.9188751063969337,0.0513029538200599,0.029821939783006506
58.25825825825826,0.9184021191041671,0.05156998966668063,0.030027891229152292
58.45845845845846,0.9179269163645927,0.05183816945986133,0.0302349141755461
58.65865865865866,0.9174494915219807,0.05210749530182565,0.03044301317619369
58.85885885885886,0.9169698377723202,0.052377969403522004,0.030652192824157876
59.05905905905906,0.9164879483247957,0.05264959395295243,0.03086245772225185
59.25925925925926,0.9160038164017883,0.05292237111517258,0.031073812483039184
59.45945945945946,0.9155174352388745,0.05319630303229176,0.0312862617288338
59.65965965965966,0.9150287980848272,0.05347139182347285,0.03149981009170002
59.85985985985987,0.9145378982016151,0.053747639584932394,0.031714462213452525
60.06006006006007,0.9140447288644032,0.054025048389940517,0.03193022274565636
60.26026026026027,0.9135492833615522,0.05430362028882099,0.03214709634962694
60.46046046046047,0.9130515549946188,0.054583357308951204,0.03236508769643009
60.66066066066067,0.9125515370783559,0.05486426145476216,0.03258420146688196
60.86086086086087,0.9120492229407124,0.055146334707738505,0.0328044423515491
61.06106106106107,0.9115446059228332,0.055429579026418464,0.03302581505074842
61.26126126126127,0.9110376793790589,0.05571399634639393,0.033248324274547214
61.46146146146147,0.9105284368786339,0.055999588420851586,0.03347197470051456
61.66166166166167,0.9100168722922988,0.05628635675211725,0.03369677095558398
61.86186186186187,0.9095029791547657,0.056574303095648135,0.03392271774958614
62.06206206206207,0.9089867510089541,0.056863429187898926,0.034149819803147026
62.26226226226227,0.9084681814186466,0.057153736736316504,0.03437808184503699
62.46246246246247,0.9079472639684893,0.057445227419339946,0.0346075086121708
62.66266266266267,0.907423992263992,0.057737902886400475,0.03483810484960761
62.86286286286287,0.9068983599315276,0.058031764757921524,0.03506987531055096
63.06306306306307,0.9063703606183325,0.0583268146253187,0.0353028247563488
63.26326326326327,0.9058399879925069,0.05862305405099977,0.03553695795649347
63.46346346346347,0.9053072357430136,0.0589204845683647,0.035772279688621705
63.66366366366367,0.9047720975796798,0.05921910768180564,0.03600879473851462
63.86386386386387,0.9042345672331954,0.05951892486670691,0.036246507900097744
64.06406406406407,0.9036946384551141,0.05981993756944501,0.036485423975440995
64.26426426426427,0.9031523050178527,0.06012214720738862,0.036725547774758685
64.46446446446447,0.9026075572209337,0.06042555784837006,0.03696688493069629
64.66466466466467,0.9020603975481523,0.06073016420271796,0.037209438249129784
64.86486486486487,0.9015108152682713,0.06103597110277201,0.03745321362895679
65.06506506506507,0.9009588044353218,0.061342979697894075,0.03769821586678408
65.26526526526527,0.9004043591255141,0.061651191107429594,0.037944449767056326
65.46546546546547,0.8998474734377894,0.06196060642028351,0.03819192014192719
65.66566566566567,0.8992881414943734,0.062271226694496196,0.03844063181113047
65.86586586586587,0.8987263574413294,0.06258305295681939,0.03869058960185123
66.06606606606607,0.8981621154491111,0.06289608620229209,0.038941798348596915
66.26626626626627,0.897595409713115,0.06321032739381655,0.03919426289306845
66.46646646646647,0.8970262344542345,0.06352577746173416,0.039447988084031445
66.66666666666667,0.8964545839194115,0.06384243730340136,0.039702978777187224
66.86686686686687,0.8958804523821904,0.06416030778276566,0.03995923983504402
67.06706706706707,0.8953038341432705,0.06447938972994144,0.040216776126788076
67.26726726726727,0.8947247235310593,0.06479968394078597,0.040475592528154754
67.46746746746747,0.894143114902225,0.06512119117647533,0.04073569392129971
67.66766766766767,0.8935590029810099,0.06544391191263794,0.04099708510635227
67.86786786786787,0.8929723826627883,0.0657678464845669,0.04125977085264482
68.06806806806807,0.8923832485384273,0.0660929954388412,0.04152375602273149
68.26826826826827,0.8917915952403322,0.06641935927748155,0.041789045482186274
68.46846846846847,0.8911974174438577,0.06674693845689196,0.04205564409925042
68.66866866866867,0.8906007098682303,0.06707573338716259,0.04232355674460722
68.86886886886887,0.8900014672774706,0.0674057444313725,0.042592788291156904
69.06906906906907,0.8893996844813162,0.06773697190489249,0.04286334361379136
69.26926926926927,0.8887953563361431,0.06806941607468794,0.043135227589169
69.46946946946947,0.8881884777458888,0.06840307715862162,0.04340844509548957
69.66966966966967,0.8875790436629747,0.06873795532475643,0.04368300101226893
69.86986986986987,0.8869670490892279,0.06907405069065833,0.043958900220113895
70.07007007007007,0.886352489076804,0.06941136332269902,0.04423614760049704
70.27027027027027,0.8857353587291097,0.06974989323535892,0.04451474803553152
70.47047047047047,0.8851156532017244,0.0700896403905298,0.04479470640774586
70.67067067067067,0.8844933677033235,0.07043060469681775,0.0450760275998588
70.87087087087087,0.8838684974966001,0.0707727860088459,0.04535871649455407
71.07107107107107,0.8832410378991876,0.07111618412655725,0.04564277797425523
71.27127127127127,0.8826109842845821,0.07146079879451751,0.045928216920900475
71.47147147147147,0.8819783320876058,0.07180662970172173,0.0462150382106725
71.67167167167167,0.8813430768378757,0.07215367648450763,0.046503246677616676
71.87187187187187,0.8807052141003302,0.07250193871915832,0.046792847180511514
72.07207207207207,0.8800647394921324,0.07285141592297793,0.047083844584889636
72.27227227227228,0.8794216486917745,0.0732021075545022,0.047376243753723304
72.47247247247248,0.8787759374400266,0.0735540130128041,0.04767004954716928
72.67267267267268,0.8781276015408864,0.07390713163679986,0.04796526682231375
72.87287287287288,0.8774766368625282,0.07426146270455455,0.048261900432917226
73.07307307307308,0.8768230393382525,0.07461700543258808,0.04855995522915945
73.27327327327328,0.8761668049674349,0.07497375897518078,0.04885943605738431
73.47347347347348,0.8755079298164758,0.07533172242367944,0.04916034775984472
73.67367367367368,0.8748464100197495,0.07569089480580293,0.049462695174447555
73.87387387387388,0.8741822417805534,0.07605127508494808,0.04976648313449851
74.07407407407408,0.8735154213720575,0.07641286215949544,0.05007171646844707
74.27427427427428,0.8728459451382535,0.07677565486211516,0.050378399999631354
74.47447447447448,0.8721738094949043,0.07713965195907264,0.05068653854602304
74.67467467467468,0.8714990109304932,0.07750485214953454,0.050996136919972304
74.87487487487488,0.870821546007173,0.07787125406487437,0.05130719992795266
75.07507507507508,0.8701414113617156,0.07823885626797843,0.0516197323703059
75.27527527527528,0.8694586037064614,0.07860765725255155,0.051933739040987026
75.47547547547548,0.8687731196453006,0.07897765560528087,0.052249224749418635
75.67567567567568,0.8680849556991541,0.0793488499835424,0.05256619431730356
75.87587587587588,0.8673941087137814,0.07972123875648138,0.05288465252973721
76.07607607607608,0.8667005756101083,0.08009482022498209,0.05320460416490973
76.27627627627628,0.8660043533815174,0.08046959262419454,0.05352605399428816
76.47647647647648,0.8653054390945542,0.08084555412305527,0.05384900678239059
76.67667667667668,0.8646038298896319,0.08122270282380797,0.054173467286560126
76.87687687687688,0.8638995229817368,0.08160103676152423,0.05449944025673909
77.07707707707708,0.8631925156611328,0.08198055390362426,0.05482693043524301
77.27727727727728,0.8624828052940677,0.08236125214939756,0.055155942556534755
77.47747747747748,0.8617703893234777,0.08274312932952373,0.05548648134699859
77.67767767767768,0.8610552652696928,0.08312618320559305,0.05581855152471426
77.87787787787788,0.8603374307311417,0.08351041146962729,0.05615215779923107
78.07807807807808,0.8596168833850576,0.0838958117436004,0.056487304871342
78.27827827827828,0.8588936209881831,0.08428238157895918,0.05682399743285772
78.47847847847848,0.8581676413774753,0.08467011845614403,0.057162240166380725
78.67867867867868,0.857438942470811,0.08505901978410968,0.05750203774507939
78.87887887887888,0.8567075222676921,0.08544908289984585,0.05784339483246208
79.07907907907908,0.8559733788499508,0.085840305067898,0.05818631608215117
79.27927927927928,0.8552365103811618,0.0862326834842966,0.05853080613454166
79.47947947947948,0.8544969150919245,0.08662621532866129,0.05887686957941421
79.67967967967968,0.8537545913059352,0.08702089767723512,0.05922451101682967
79.87987987987988,0.853009537436477,0.08741672751677515,0.05957373504674784
80.08008008008008,0.8522617519823054,0.08781370176050692,0.05992454625718775
80.28028028028028,0.8515112335283409,0.08821181724768654,0.06027694922397253
80.48048048048048,0.850757980746363,0.08861107074316281,0.0606309485104742
80.68068068068068,0.8500019923957022,0.08901145893693925,0.06098654866735856
80.88088088088088,0.8492432673239337,0.0894129784437362,0.06134375423233003
81.08108108108108,0.8484818044675706,0.08981562580255291,0.06170256972987647
81.28128128128128,0.8477176028527563,0.09021939747622956,0.06206299967101407
81.48148148148148,0.8469506615959584,0.09062428985100945,0.062425048553032145
81.68168168168168,0.846180979904661,0.09103029923610098,0.06278872085923803
81.88188188188188,0.8454085570780584,0.09143742186323975,0.0631540210587019
82.08208208208208,0.8446333925077477,0.09184565388625067,0.0635209536060016
82.28228228228228,0.8438554856784224,0.09225499138061004,0.06388952294096756
82.48248248248248,0.8430748361685649,0.09266543034300757,0.06425973348842753
82.68268268268268,0.84229144365114,0.09307696669090855,0.06463158965795154
82.88288288288288,0.8415053078942875,0.09348959626211584,0.06500509584359669
83.08308308308308,0.840716428762016,0.093903314814332,0.06538025642365196
83.28328328328328,0.8399248062026229,0.0943181180581118,0.0657570757392653
83.48348348348348,0.8391304402439622,0.09473400167118468,0.06613555808485312
83.68368368368368,0.8383333310332415,0.09515096119162657,0.06651570777513198
83.88388388388388,0.8375334788164843,0.09556899207518402,0.06689752910833167
84.08408408408408,0.836730883938407,0.0959880896970583,0.06728102636453476
84.28428428428428,0.8359255468430912,0.09640824935152184,0.06766620380538697
84.48448448448448,0.8351174680746575,0.0968294662515347,0.0680530656738078
84.68468468468468,0.8343066482779382,0.09725173552836089,0.06844161619370087
84.88488488488488,0.8334930881991507,0.09767505223118488,0.06883185956966445
85.08508508508508,0.83267678868657,0.09809941132672796,0.06922379998670197
85.28528528528528,0.8318577506912028,0.09852480769886472,0.06961744160993245
85.4854854854855,0.8310359752674595,0.09895123614823945,0.07001278858430104
85.6856856856857,0.8302114635738282,0.09937869139188243,0.07040984503428936
85.8858858858859,0.8293842168735472,0.0998071680628266,0.07080861506362617
86.0860860860861,0.8285542365352785,0.10023666070972381,0.07120910275499769
86.2862862862863,0.8277215240337806,0.10066716379646125,0.07161131216975816
86.4864864864865,0.8268860809505817,0.10109867170177791,0.07201524734764035
86.6866866866867,0.8260479089746531,0.10153117871888101,0.0724209123064659
86.8868868868869,0.8252070099030817,0.10196467905506236,0.07282831104185594
87.0870870870871,0.8243633856378192,0.10239916683673461,0.07323744752544618
87.2872872872873,0.8235170381011351,0.10283463622673879,0.07364832567212616
87.4874874874875,0.8226679693602422,0.10327108125277865,0.07406094938697921
87.6876876876877,0.8218161816245565,0.10370849581175126,0.07447532256369231
87.8878878878879,0.8209616772128713,0.10414687371562621,0.07489144907150257
88.0880880880881,0.8201044585539639,0.10458620869115397,0.07530933275488226
88.2882882882883,0.8192445281872015,0.1050264943795745,0.075728977433224
88.4884884884885,0.8183818887631487,0.10546772433632563,0.07615038690052571
88.6886886886887,0.8175165430441725,0.10590989203075167,0.07657356492507578
88.8888888888889,0.8166484939050502,0.10635299084581175,0.07699851524913812
89.0890890890891,0.8157777443335745,0.10679701407778835,0.07742524158863719
89.2892892892893,0.814904297431161,0.10724195493599586,0.0778537476328432
89.4894894894895,0.814028156413454,0.10768780654248897,0.07828403704405702
89.6896896896897,0.8131493246109335,0.10813456193177112,0.07871611345729544
89.8898898898899,0.8122678054695208,0.10858221405050314,0.07914998047997611
90.0900900900901,0.8113836025511858,0.10903075575721156,0.07958564169160265
90.2902902902903,0.810496719534553,0.10948017982199719,0.0800231006434498
90.4904904904905,0.8096071602155082,0.10993047892624357,0.08046236085824837
90.6906906906907,0.8087149285078041,0.11038164566232543,0.08090342582987047
90.8908908908909,0.8078200284436683,0.11083367253331727,0.08134629902301445
91.0910910910911,0.8069224641213618,0.11128655201477707,0.08179098386386116
91.2912912912913,0.8060222396421373,0.1117402766289372,0.08223748372892555
91.4914914914915,0.8051193593465933,0.11219483866853908,0.08268580198486766
91.6916916916917,0.8042138277014373,0.11265023032976186,0.08313594196880081
91.8918918918919,0.8033056492913937,0.11310644372211025,0.08358790698649608
92.0920920920921,0.8023948288197007,0.11356347086825053,0.0840417003120488
92.2922922922923,0.8014813711086083,0.11402130370384661,0.08449732518754514
92.4924924924925,0.8005652810998755,0.11447993407739603,0.0849547848227286
92.6926926926927,0.7996465638552677,0.11493935375006588,0.08541408239466651
92.8928928928929,0.7987252245570545,0.11539955439552892,0.08587522104741663
93.0930930930931,0.7978012685085069,0.11586052759979955,0.08633820389169362
93.2932932932933,0.7968747011343946,0.1163222648610698,0.08680303400453564
93.4934934934935,0.7959455279814839,0.11678475758954532,0.08726971442897077
93.6936936936937,0.7950137547190349,0.11724799710728147,0.08773824817368367
93.8938938938939,0.7940793871392988,0.11771197464801923,0.08820863821268198
94.0940940940941,0.7931424311580157,0.1181766813570213,0.08868088748496293
94.2942942942943,0.7922028928149121,0.11864210829090802,0.0891549988941799
94.4944944944945,0.7912607782741977,0.11910824641749343,0.08963097530830882
94.6946946946947,0.7903160938250638,0.1195750866156213,0.09010881955931485
94.8948948948949,0.7893688458782151,0.12004261967913384,0.09058853444265107
95.0950950950951,0.7884190407738274,0.1205108365173927,0.09107012270877987
95.2952952952953,0.7874666850245048,0.12097972790239875,0.09155358707309649
95.4954954954955,0.7865117853617457,0.1214492844207142,0.09203893021754012
95.6956956956957,0.7855543486395963,0.1219194965742402,0.09252615478616358
95.8958958958959,0.784594381834991,0.12239035478021573,0.09301526338479327
96.0960960960961,0.7836318920480944,0.12286184937121669,0.09350625858068903
96.2962962962963,0.7826668865026413,0.1233339705951547,0.09399914290220407
96.4964964964965,0.781699372546279,0.12380670861527618,0.09449391883844492
96.6966966966967,0.7807293576509075,0.12428005351016125,0.0949905888389313
96.8968968968969,0.7797568494130214,0.12475399527372263,0.09548915531325607
97.0970970970971,0.7787818555540502,0.12522852381520475,0.0959896206307451
97.2972972972973,0.7778043839207003,0.12570362895918247,0.09649198712011729
97.4974974974975,0.7768244424852954,0.12617930044556033,0.09699625706914433
97.6976976976977,0.7758420393461181,0.12665552792957122,0.09750243272431076
97.8978978978979,0.7748571827277507,0.12713230098177547,0.09801051629047382
98.0980980980981,0.7738698809814168,0.12760960908805988,0.09852050993052333
98.2982982982983,0.7728801425853219,0.12808744164963645,0.09903241576504171
98.4984984984985,0.7718879761449947,0.12856578798304158,0.09954623587196379
98.6986986986987,0.7708933903936284,0.12904463732013483,0.10006197228623678
98.8988988988989,0.7698963941176925,0.1295239788800949,0.10057962700221262
99.0990990990991,0.7688969959901037,0.1300038020304759,0.10109920197942032
99.2992992992993,0.7678952050264645,0.13048409584797926,0.10162069912555632
99.4994994994995,0.7668910303912879,0.13096484930546995,0.10214412030324216
99.6996996996997,0.7658844813720848,0.13144605129727102,0.10266946733064428
99.8998998998999,0.7648755673795038,0.13192769063935483,0.10319674198114138
100.10010010010011,0.7638642979474742,0.13240975606953426,0.10372594598299154
100.30030030030031,0.7628506827333467,0.1328922362476539,0.10425708101899946
100.50050050050051,0.761834731518035,0.1333751197557813,0.10479014872618364
100.70070070070071,0.7608164542061582,0.1338583950983982,0.1053251506954437
100.90090090090091,0.7597958608261809,0.13434205070259167,0.10586208847122744
101.10110110110111,0.7587729615305564,0.13482607491824547,0.10640096355119816
101.30130130130131,0.7577477665958671,0.13531045601823113,0.10694177738590185
101.50150150150151,0.7567202864229664,0.13579518219859926,0.10748453137843439
101.70170170170171,0.7556905315371206,0.1362802415787707,0.10802922688410875
101.90190190190191,0.75465851258815,0.13676562220172783,0.10857586521012225
102.10210210210211,0.7536242403505706,0.1372513120342057,0.10912444761522372
102.30230230230231,0.752587725723736,0.1377372989668833,0.10967497530938076
102.50250250250251,0.7515489797319784,0.13822357081457473,0.11022744945344691
