0.0,0.99,0.01,0.0
0.2002002002002002,0.9885370222602848,0.011124955255225508,0.00033802248448971966
0.4004004004004004,0.9869121691544047,0.012373797316277356,0.0007140335293180207
0.6006006006006006,0.9851082705165237,0.013759525744482118,0.0011322037389943178
0.8008008008008008,0.9831065065057796,0.015296354396917003,0.0015971390973036378
1.001001001001001,0.9808862648555547,0.016999807854459023,0.0021139272899864422
1.2012012012012012,0.9784250465441575,0.01888677858766892,0.002688174868173683
1.4014014014014016,0.9756983709722672,0.02097558142332315,0.00332604760440983
1.6016016016016017,0.9726796475940099,0.02328602815395504,0.004034324252035048
1.8018018018018018,0.9693400951650832,0.025839462323275917,0.004820442511641038
2.002002002002002,0.965648682503297,0.028658774854468043,0.0056925426422350526
2.2022022022022023,0.9615720444374654,0.03176841975678477,0.006659535805749997
2.4024024024024024,0.9570745247718603,0.035194343080165474,0.007731132147974311
2.6026026026026026,0.9521181866147768,0.03896391654186157,0.008917896843361747
2.802802802802803,0.9466629031672577,0.043105803355014315,0.010231293477728174
3.0030030030030033,0.940666532033499,0.04764974642487861,0.011683721541622368
3.2032032032032034,0.9340851469244962,0.05262630593300191,0.01328854714250194
3.4034034034034035,0.9268733593937116,0.05806651477603837,0.015060125830249953
3.6036036036036037,0.9189848137861831,0.06400138093155139,0.017013805282265523
3.8038038038038042,0.9103727198174565,0.0704613598910465,0.019165920291496996
4.004004004004004,0.9009905647814678,0.07747567142072172,0.02153376379781035
4.2042042042042045,0.8907929696413376,0.08507149623205137,0.02413553412661098
4.404404404404405,0.8797366811695093,0.09327306295291991,0.02699025587757061
4.604604604604605,0.8677817186597603,0.10210061288494036,0.030117668455299222
4.804804804804805,0.8548926469700765,0.11156927232127123,0.0335380807086521
5.005005005005005,0.8410399635186979,0.12168784872568554,0.03727218775561637
5.205205205205205,0.8262015503029323,0.13245759496242768,0.04134085473463987
5.405405405405406,0.8103642378020852,0.1438709245901115,0.045764837607803296
5.605605605605606,0.7935252037582057,0.15591029693811154,0.050564499303682724
5.805805805805806,0.7756933740923276,0.16854715723425281,0.05575946867341941
6.0060060060060065,0.7568906597997457,0.18174107187516875,0.06136826832508543
6.206206206206207,0.7371528638568738,0.19543920689456412,0.06740792924856195
6.406406406406407,0.7165302917818707,0.20957611985881308,0.07389358835931623
6.606606606606607,0.6950879215985721,0.22407399193181213,0.08083808646961568
6.806806806806807,0.6729050932470857,0.23884332447970713,0.0882515822732071
7.007007007007007,0.6500746756326197,0.2537841285025485,0.09614119586483164
7.207207207207207,0.6267017034689071,0.26878759692880877,0.104510699602284
7.407407407407407,0.602901509709403,0.2837382276480502,0.11336026264254649
7.6076076076076085,0.578797412022957,0.2985163039098705,0.12268628406717222
7.807807807807809,0.5545180617216611,0.3130006424196098,0.13248129585872884
8.008008008008009,0.5301945371803104,0.3270715003393722,0.14273396248031708
8.208208208208209,0.5059573844683751,0.34061343986591885,0.15342917566570563
8.408408408408409,0.48193370393902907,0.35351806109580486,0.1645482349651657
8.608608608608609,0.4582444298031453,0.365686456498411,0.17606911369844333
8.80880880880881,0.435001887942848,0.3770313153062222,0.18796679675092937
9.00900900900901,0.41230784130892145,0.3874784780777763,0.20021368061330178
9.20920920920921,0.39025195114674704,0.3969680372191248,0.21278001163412769
9.40940940940941,0.3689107742745756,0.4054548722359031,0.225634353489521
9.60960960960961,0.3483472507360552,0.41290868681957005,0.23874406244437438
9.80980980980981,0.3286106639183149,0.4193135797564395,0.2520757563252452
10.01001001001001,0.30973701291254274,0.42466722424772374,0.2655957628397332
10.21021021021021,0.2917497471477726,0.4289797118595235,0.2792705409927036
10.41041041041041,0.27466073530329643,0.43227221350684375,0.2930670511898594
10.61061061061061,0.2584714363487018,0.4345754739428501,0.3069530897084477
10.810810810810812,0.24317419689340572,0.43592823240475487,0.320897570701839
11.011011011011012,0.2287535766451119,0.43637566733773486,0.3348707560171528
11.211211211211213,0.21518765456446937,0.43596790773190774,0.3488444377036225
11.411411411411413,0.2024493083886972,0.43475861753623424,0.3627920740750682
11.611611611611613,0.19050738948951057,0.43280372899365227,0.37668888151683677
11.811811811811813,0.1793277823009371,0.4301603281455109,0.3905118895535516
12.012012012012013,0.16887435843344611,0.426885679762081,0.4042399618044725
12.212212212212213,0.15910979716906334,0.42303641521640734,0.41785378761452896
12.412412412412413,0.14999627926546374,0.4186678696691451,0.4313358510653908
12.612612612612613,0.14149606787288393,0.41383355065895255,0.44467038146816307
12.812812812812814,0.13357198083160388,0.4085847301989374,0.4578432889694583
13.013013013013014,0.12618774509740954,0.40297017456052986,0.47084208034206015
13.213213213213214,0.11930830597522567,0.3970359069904769,0.48365578703429696
13.413413413413414,0.11290000510623413,0.39082512936571767,0.4962748655280478
13.613613613613614,0.10693075955464905,0.384378126323252,0.5086911141220984
13.813813813813814,0.10137011297347953,0.3777323164253404,0.5208975706011796
14.014014014014014,0.09618932411018197,0.37092224621277525,0.5328884296770423
14.214214214214214,0.09136133925698314,0.36397971599325807,0.5446589447497584
14.414414414414415,0.08686081007173545,0.35693384258563626,0.5562053473426278
14.614614614614615,0.08266403016814061,0.3498112108930049,0.567524758938854
14.814814814814815,0.07874889912009493,0.34263598641217563,0.5786151144677288
15.015015015015017,0.07509484838515963,0.33543006590428937,0.5894750857105505
15.215215215215217,0.07168277152364685,0.32821321691554567,0.600104011560807
15.415415415415417,0.0684949486531922,0.32100321949590305,0.6105018318509042
15.615615615615617,0.06551496166353826,0.31381601226781597,0.6206690260686453
15.815815815815817,0.0627276203686741,0.30666582317111324,0.6306065564602121
16.016016016016017,0.06011887578023396,0.2995653086102015,0.6403158156095641
16.216216216216218,0.057675749316609314,0.2925256729435261,0.649798577739864
16.416416416416418,0.055386252184259625,0.28555679322561567,0.6590569545901241
16.616616616616618,0.05323931818270719,0.2786673276637202,0.6680933541535721
16.816816816816818,0.05122472984002088,0.2718648257411739,0.6769104444188047
17.017017017017018,0.04933306175236859,0.2651558204933337,0.6855111177542972
17.217217217217218,0.04755561416372568,0.2585459240566706,0.6938984617796031
17.41741741741742,0.045884359482508304,0.25203991123008357,0.7020757292874076
17.61761761761762,0.0443118881095549,0.24564179730928193,0.7100463145811625
17.81781781781782,0.042831360456458384,0.23935491104625745,0.7178137284972835
18.01801801801802,0.04143646150921178,0.233181959297061,0.7253815791937266
18.21821821821822,0.040121358324533514,0.22712508998830314,0.7327535516871627
18.41841841841842,0.03888066226413313,0.2211859454919708,0.7399333922438954
18.61861861861862,0.03770939223771248,0.21536571599100818,0.7469248917712787
18.81881881881882,0.03660294297694561,0.2096651839016137,0.7537318731214401
19.01901901901902,0.035557053766048126,0.20408476833510278,0.7603581778988485
19.21921921921922,0.03456778159782331,0.1986245623085671,0.766807656093609
19.41941941941942,0.03363147425407243,0.19328437048430577,0.7730841552616212
19.61961961961962,0.03274474867665456,0.1880637383658456,0.7791915129574993
19.81981981981982,0.03190447116014266,0.1829619787898492,0.7851335500500076
20.02002002002002,0.031107733265610085,0.17797820583621138,0.7909140608981781
20.22022022022022,0.03035183489014561,0.1731113572966926,0.7965368078131613
20.42042042042042,0.029634268220182808,0.1683602160475851,0.8020055157322316
20.62062062062062,0.028952704766539716,0.16372342525401185,0.8073238699794479
20.82082082082082,0.028304979992954022,0.15919950912343875,0.8124955108836067
21.02102102102102,0.027689077864838433,0.15478689430272885,0.817524027832432
21.22122122122122,0.027103123178788022,0.15048391722875776,0.8224129595924535
21.421421421421424,0.026545370268513967,0.14628883842949658,0.8271657913019888
21.621621621621625,0.02601419046667164,0.14219985933782753,0.8317859501955002
21.821821821821825,0.025508065329706137,0.13821512931017485,0.8362768053601183
22.022022022022025,0.02502557838515741,0.13433275539399103,0.8406416662208509
22.222222222222225,0.024565406123748718,0.130550813498155,0.8448837803780955
22.422422422422425,0.02412631205174823,0.12686735439073243,0.8490063335575185
22.622622622622625,0.023707140415034796,0.12328041043644007,0.8530124491485244
22.822822822822825,0.023306809393682404,0.11978800356546022,0.8569051870408565
23.023023023023026,0.022924306319441493,0.11638814998896006,0.8606875436915976
23.223223223223226,0.022558682927381384,0.11307886501710859,0.8643624520555092
23.423423423423426,0.02220904995532884,0.10985816863886917,0.8679327814058011
23.623623623623626,0.02187457338241068,0.10672408888794534,0.8714013377296431
23.823823823823826,0.0215544708297817,0.1036746649318695,0.8747708642383479
24.024024024024026,0.021248007266002386,0.10070795137249339,0.8780440413615034
24.224224224224226,0.020954492131880116,0.09782202032825199,0.8812234875398671
24.424424424424426,0.020673276552359343,0.09501496344978819,0.8843117599978517
24.624624624624627,0.020403749631267513,0.09228489545141907,0.8873113549173126
24.824824824824827,0.020145335837458332,0.08962995596742715,0.8902247081951138
25.025025025025027,0.019897493757437185,0.08704830935216307,0.893054196890399
25.225225225225227,0.0196597136097311,0.08453814644712579,0.8958021399431424
25.425425425425427,0.01943151414170295,0.08209768735177146,0.8984707985065249
25.625625625625627,0.01921244104075297,0.0797251818994962,0.9010623770597501
25.825825825825827,0.01900206606758615,0.07741890914947702,0.9035790247829361
26.026026026026027,0.01879998470132189,0.07517717910191356,0.9060228361967638
26.226226226226228,0.01860581435089232,0.07299833362272254,0.9083958520263844
26.426426426426428,0.01841919310263183,0.07088074660889487,0.9107000602884725
26.626626626626628,0.018239779194682528,0.06882282305579533,0.9129373977495213
26.826826826826828,0.018067248929442184,0.06682300059279107,0.9151097504777659
27.027027027027028,0.01790129558944172,0.06487974950331442,0.917218954907243
27.227227227227228,0.017741628547024987,0.06299157248103406,0.9192667989719402
27.42742742742743,0.017587972672346734,0.06115700395616661,0.9212550233714859
27.62762762762763,0.017440066816252552,0.059374610915295466,0.9231853222684512
27.82782782782783,0.017297663069060585,0.057642992538983646,0.9250593443919549
28.02802802802803,0.017160526165975108,0.05596077969713267,0.9268786941368915
28.22822822822823,0.017028432849923527,0.05432663453695664,0.9286449326131191
28.42842842842843,0.01690117082254266,0.05273925067301997,0.9303595785044366
28.62862862862863,0.01677853818995365,0.05119735272282526,0.9320241090872203
28.82882882882883,0.016660343068723504,0.04969969557168734,0.9336399613595884
29.02902902902903,0.016546402925352987,0.04824506412506539,0.9352085329495808
29.22922922922923,0.016436543917890182,0.04683227309333935,0.9367311829887697
29.42942942942943,0.016330600447634208,0.04546016646194397,0.9382092330904211
29.62962962962963,0.016228414879619426,0.04412761677074235,0.9396439683496375
29.82982982982983,0.016129836948038115,0.04283352486248448,0.9410366381894767
30.030030030030034,0.016034723326074984,0.041576819428660546,0.9423884572452638
30.230230230230234,0.015942937301439145,0.040356456426158684,0.9437006062724015
30.430430430430434,0.01585434859704748,0.03917141829368313,0.9449742331092688
30.630630630630634,0.01576883273885612,0.03802071389981332,0.9462104533613299
30.830830830830834,0.015686270781900085,0.036903377962380066,0.9474103512557192
31.031031031031034,0.01560654898172871,0.03581847057947418,0.9485749804387964
31.231231231231234,0.015529558513658772,0.034765076712271234,0.9497053647740693
31.431431431431434,0.015455195884850262,0.03374230461736304,0.950802499497786
31.631631631631635,0.015383361996065449,0.03274928640032655,0.9518673516036072
31.831831831831835,0.015313961888167124,0.031785177529811234,0.952900860582021
32.032032032032035,0.015246904614795135,0.03084915617868497,0.9539039392065192
32.232232232232235,0.0151821029999365,0.029940422766733824,0.9548774742333289
32.432432432432435,0.015119473833821716,0.029058198903167815,0.9558223272630098
32.632632632632635,0.015058937501335622,0.028201727155048102,0.9567393353436155
32.832832832832835,0.015000417541028491,0.027370270934744912,0.9576293115242258
33.033033033033036,0.014943840619780225,0.02656311381801993,0.9584930455621992
33.233233233233236,0.01488913635317211,0.025779559100651397,0.9593313045461758
33.433433433433436,0.014836237307315302,0.025018929109212905,0.9601448335834711
33.633633633633636,0.01478507899854926,0.024280564533736948,0.9609343564677131
33.833833833833836,0.01473559938743439,0.023563824517543533,0.9617005760950214
34.034034034034036,0.014687738897510199,0.022868085998054462,0.9624441751044346
34.234234234234236,0.014641440287384738,0.022192743279138494,0.9631658164334761
34.434434434434436,0.014596648573622507,0.021537207542993597,0.9638661438833832
34.63463463463464,0.014553311102425992,0.02090090615239977,0.9645457827451736
34.83483483483484,0.014511377193331553,0.020283282618237898,0.9652053401884299
35.03503503503504,0.014470798108252735,0.019683796088245428,0.9658454058035011
35.23523523523524,0.014431526967559775,0.01910192093065763,0.9664665521017819
35.43543543543544,0.014393518665882125,0.018537146338623203,0.967069334995494
35.63563563563564,0.014356729930495327,0.017988975806599174,0.9676542942629047
35.83583583583584,0.014321119105699574,0.017456926890483254,0.9682219540038164
36.03603603603604,0.01428664607667034,0.016940530842415213,0.9687728230809137
36.23623623623624,0.014253272220941979,0.016439332230646347,0.9693073955484109
36.43643643643644,0.01422096033706651,0.015952888593785432,0.9698261510691474
36.63663663663664,0.014189674654682153,0.015480769986851908,0.9703295553584652
36.83683683683684,0.014159380742112464,0.015022558691230831,0.970818060566656
37.03703703703704,0.014130045400803457,0.014577848955731939,0.9712921056434639
37.23723723723724,0.01410163663785198,0.014146246633070753,0.9717521167290766
37.43743743743744,0.014074123610805464,0.013727368868174149,0.9721985075210197
37.63763763763764,0.014047476605337407,0.013320843765201852,0.9726316796294601
37.83783783783784,0.014021667022376255,0.012926310064019772,0.9730520229136033
38.03803803803804,0.013996667250764188,0.012543416908812569,0.9734599158404226
38.23823823823824,0.013972450664071845,0.012171823539402493,0.973855725796525
38.43843843843844,0.01394899157342141,0.011811199013758596,0.9742398094128193
38.63863863863864,0.013926265205107466,0.01146122192337038,0.9746125128715215
38.83883883883884,0.013904247720297292,0.011121580081119384,0.9749741721985827
39.03903903903904,0.01388291607389364,0.010791970352904509,0.9753251135732012
39.23923923923924,0.013862248009724885,0.010472098382222841,0.9756656536080517
39.43943943943944,0.013842222029023129,0.01016167834530633,0.9759960996256699
39.63963963963964,0.013822817353742127,0.009860432718625228,0.9763167499276321
39.83983983983984,0.013804013890340345,0.00956809205401065,0.9766278940556484
40.04004004004004,0.013785792281529622,0.009284394670859552,0.9769298130476102
40.24024024024024,0.013768133993379929,0.009009086319857113,0.9772227796867623
40.44044044044044,0.013751021001410568,0.008741920269728485,0.9775070587288602
40.64064064064064,0.01373443588116696,0.008482656983569549,0.9777829071352628
40.84084084084084,0.013718361789940339,0.008231063915912554,0.9780505742941464
41.04104104104104,0.01370278244309614,0.007986915323470605,0.9783103022334326
41.24124124124124,0.013687682091442051,0.00774999208290678,0.9785623258256505
41.44144144144144,0.013673045542799755,0.007520081345640034,0.9788068731115595
41.64164164164164,0.013658858154096447,0.00729697631986871,0.9790441655260341
41.84184184184184,0.013645105735456266,0.007080476410274379,0.9792744178542686
42.04204204204204,0.013631774573530799,0.006870386899258641,0.9794978385272098
42.24224224224224,0.013618851417511681,0.006666518786264011,0.9797146297962236
42.44244244244244,0.013606323466072623,0.006468688634553752,0.9799249878993729
42.64264264264264,0.0135941783553233,0.006276718423544537,0.9801291032211313
42.84284284284285,0.013582404066346372,0.006090435148941218,0.9803271607847116
43.04304304304305,0.013570988950501659,0.005909670797996122,0.9805193402515014
43.24324324324325,0.013559921785767582,0.005734262425362003,0.9807058157888696
43.44344344344345,0.013549191722269142,0.005564051880531279,0.9808867563971988
43.64364364364365,0.013538788272217075,0.005398885678202191,0.98106232604958
43.84384384384385,0.013528701300810457,0.005238614874044481,0.9812326838251443
44.04404404404405,0.013518921015426727,0.00508309493774361,0.9813979840468289
44.24424424424425,0.013509437860462303,0.004932185342196483,0.9815583767973405
44.44444444444445,0.01350024259212549,0.004785749701288153,0.9817140077065856
44.64464464464465,0.013491326297888198,0.004643655742199018,0.981865017959912
44.84484484484485,0.013482680355705514,0.004505775097400055,0.9820115445468937
45.04504504504505,0.013474296426209521,0.0043719831991914,0.9821537203745984
45.24524524524525,0.013466166445593048,0.004242159178810466,0.9822916743755957
45.44544544544545,0.013458282613654688,0.004116185748828882,0.9824255316375157
45.64564564564565,0.013450637316549793,0.003993948836137223,0.9825554138473123
45.84584584584585,0.013443223200935685,0.003875337799581618,0.982681438999482
46.04604604604605,0.013436033163566665,0.003760245324068311,0.9828037215123643
46.24624624624625,0.01342906032938832,0.0036485672723142737,0.9829223723982967
46.44644644644645,0.013422298045438036,0.003540202599351911,0.9830374993552093
46.64664664664665,0.013415739875246852,0.0034350532708774446,0.983149206853875
46.84684684684685,0.01340937958577383,0.003333024146701357,0.9832575962675241
47.04704704704705,0.01340321109504503,0.0032340226745661373,0.9833627662303881
47.24724724724725,0.013397228533401202,0.0031379591376917747,0.9834648123289063
47.44744744744745,0.01339142622319959,0.0030447465072830464,0.9835638272695166
47.64764764764765,0.013385798667002647,0.002954300337702956,0.9836599009952937
47.84784784784785,0.01338034054278116,0.002866538697153802,0.9837531207600643
48.04804804804805,0.013375046699486645,0.0027813821015596923,0.9838435711989529
48.24824824824825,0.013369912140945128,0.0026987533812726995,0.9839313344777815
48.44844844844845,0.013364931989649947,0.0026185774314035565,0.9840164905789458
48.64864864864865,0.013360101545544604,0.00254078151808141,0.9840991169363733
48.84884884884885,0.013355416259853219,0.0024652950895081975,0.9841792886506379
49.04904904904905,0.013350871728231954,0.0023920497009208876,0.9842570785708464
49.24924924924925,0.01334646368735653,0.002320978960670056,0.9843325573519728
49.44944944944945,0.013342188011816572,0.0022520184791351944,0.9844057935090476
49.64964964964965,0.013338040711316787,0.0021851058204767474,0.9844768534682058
49.84984984984985,0.013334017912108245,0.0021201803518354715,0.9845458017360555
50.050050050050054,0.013330115800494886,0.0020571828447452974,0.9846127013547591
50.250250250250254,0.013326330716967255,0.001996056064792701,0.9846776132182393
50.450450450450454,0.01332265912149127,0.0019367445174715153,0.9847405963610365
50.650650650650654,0.013319097584503782,0.001879194363381338,0.9848017080521142
50.850850850850854,0.01331564278410933,0.0018233533749024786,0.9848610038409875
51.051051051051054,0.013312291503487521,0.001769170895077077,0.9849185376014348
51.251251251251254,0.013309040628511078,0.001716597798696398,0.9849743615727918
51.451451451451454,0.013305887138046079,0.0016655863962500507,0.9850285264657032
51.651651651651655,0.013302828070403777,0.0016160901504307574,0.9850810817791648
51.851851851851855,0.013299860573719,0.001568064054752997,0.9851320753715274
52.052052052052055,0.013296981888037131,0.0015214644743967057,0.9851815536375654
52.252252252252255,0.013294189339058606,0.0014762490794892403,0.9852295615814515
52.452452452452455,0.01329148033601522,0.0014323768115031485,0.9852761428524809
52.652652652652655,0.013288852369704588,0.0013898078514460429,0.9853213397788487
52.852852852852855,0.013286303010682673,0.0013485035898425746,0.985365193399474
53.053053053053056,0.01328382990244431,0.0013084265527458679,0.9854077435448092
53.253253253253256,0.013281430733068308,0.0012695401375251185,0.9854490291294059
53.453453453453456,0.01327910327548877,0.0012318089564774142,0.9854890877680331
53.653653653653656,0.01327684537467732,0.0011951987109242927,0.9855279559143978
53.853853853853856,0.013274654942016876,0.0011596761293554626,0.9855656689286271
54.054054054054056,0.013272529953629932,0.0011252089409677802,0.9856022611054016
54.254254254254256,0.013270468448822405,0.0010917658506196058,0.9856377657005574
54.454454454454456,0.013268468528643032,0.0010593165152005374,0.9856722149561558
54.65465465465466,0.013266528351475241,0.0010278314895196654,0.9857056401590044
54.85485485485486,0.013264646111967732,0.0009972820000388718,0.9857380718879928
55.05505505505506,0.013262820068892405,0.0009676402250195931,0.9857695397060874
55.25525525525526,0.013261048537178516,0.0009388792042632567,0.9858000722585576
55.45545545545546,0.013259329883287154,0.0009109727836298615,0.9858296973330823
55.65565565565566,0.013257662523885454,0.0008838955939150151,0.9858584418821988
55.85585585585586,0.013256044924606011,0.0008576230308283106,0.985886332044565
56.05605605605606,0.013254475598891495,0.0008321312360730427,0.9859133931650348
56.25625625625626,0.013252953105269912,0.0008073970618581249,0.9859396498328713
56.45645645645646,0.01325147603308866,0.0007833979123510157,0.9859651260545597
56.65665665665666,0.013250043019858616,0.0007601119228908321,0.98598984505725
56.85685685685686,0.013248652746840754,0.0007375179070413181,0.9860138293461173
57.05705705705706,0.013247303935530063,0.000715595313417969,0.9860371007510513
57.25725725725726,0.013245995346634861,0.0006943242093550496,0.9860596804440095
57.45745745745746,0.013244725779121481,0.0006736852654625117,0.9860815889554154
57.65765765765766,0.013243494069324365,0.0006536597410728049,0.9861028461896022
57.85785785785786,0.013242299089020571,0.0006342294572411147,0.9861234714537376
58.05805805805806,0.013241139733553347,0.0006153766493057224,0.9861434836171402
58.25825825825826,0.013240014935518157,0.0005970841291891196,0.986162900935292
58.45845845845846,0.013238923662038198,0.0005793352490129636,0.9861817410889481
58.65865865865866,0.013237864911611186,0.0005621138596177159,0.9862000212287704
58.85885885885886,0.01323683771330202,0.0005454042975957865,0.9862177579891015
59.05905905905906,0.013235841125984499,0.0005291913730167666,0.986234967500998
59.25925925925926,0.013234874237632113,0.0005134603578447493,0.9862516654045225
59.45945945945946,0.013233936164019033,0.0004981969669393858,0.9862678668690408
59.65965965965966,0.013233026039928321,0.00048338724402995363,0.986283586716041
59.85985985985987,0.013232143028692132,0.00046901768042332154,0.9862988392908838
60.06006006006007,0.013231286320791407,0.00045507519492749216,0.9863136384842803
60.26026026026027,0.013230455131264621,0.00044154709872910695,0.9863279977700055
60.46046046046047,0.013229648699085291,0.0004284210853273319,0.9863419302155866
60.66066066066067,0.013228866286577863,0.00041568522102407773,0.9863554484923973
60.86086086086087,0.013228107178871955,0.0004033279359705589,0.9863685648851567
61.06106106106107,0.013227370683378873,0.0003913380155569073,0.9863812913010634
61.26126126126127,0.013226656123467309,0.0003797045151004715,0.9863936393614314
61.46146146146147,0.013225962841306423,0.0003684167958755671,0.9864056203628172
61.66166166166167,0.01322529020210846,0.00035746457970907967,0.9864172452181816
61.86186186186187,0.013224637590262886,0.0003468378963417565,0.9864285245133946
62.06206206206207,0.013224004408840641,0.00033652707542846424,0.9864394685157301
62.26226226226227,0.013223390079127399,0.000326522738970158,0.9864500871819016
62.46246246246247,0.013222794040185733,0.0003168157941775616,0.9864603901656359
62.66266266266267,0.013222215748446267,0.00030739742676655905,0.9864703868247864
62.86286286286287,0.013221654675168178,0.00029825906438979123,0.9864800862604411
63.06306306306307,0.013221110303583042,0.00028939233565157264,0.9864894973607645
63.26326326326327,0.013220582135577556,0.00028078916296337867,0.9864986287014582
63.46346346346347,0.013220069688198317,0.0002724417126447343,0.9865074885991562
63.66366366366367,0.01321957249310496,0.0002643423864104607,0.9865160851204837
63.86386386386387,0.013219090096201458,0.0002564838153826683,0.9865244260884151
64.06406406406407,0.013218622057289638,0.0002488588544400498,0.9865325190882694
64.26426426426427,0.013218167949744923,0.00024146057690447396,0.9865403714733497
64.46446446446447,0.013217727359590002,0.00023428226061415433,0.9865479903797951
64.66466466466467,0.013217299881519722,0.00022731733030395822,0.9865553827881756
64.86486486486487,0.013216885124234147,0.0002205594334591674,0.9865625554423059
65.06506506506507,0.013216482708763832,0.00021400241571458063,0.9865695148755208
65.26526526526527,0.013216092267580994,0.00020764030754005344,0.9865762674248781
65.46546546546547,0.013215713444308323,0.00020146731951332095,0.9865828192361776
65.66566566566567,0.013215345893444896,0.00019547783785662482,0.9865891762686977
65.86586586586587,0.013214989280109177,0.00018966642023714487,0.9865953442996529
66.06606606606607,0.01321464327971946,0.00018402779064978514,0.98660132892963
66.26626626626627,0.01321430757485477,0.00017855679249745342,0.9866071356326471
66.46646646646647,0.01321398185781706,0.00017324842623002635,0.9866127697159522
66.66666666666667,0.013213665831153956,0.00016809785674893983,0.9866182363120964
66.86686686686687,0.013213359206367552,0.0001631003939221594,0.9866235403997096
67.06706706706707,0.013213061703682983,0.00015825148882509272,0.9866286868074913
67.26726726726727,0.013212773051830076,0.000153546730186038,0.9866336802179833
67.46746746746747,0.013212492987838104,0.00014898184103616827,0.986638525171125
67.66766766766767,0.013212221256843655,0.00014455267556405166,0.9866432260675916
67.86786786786787,0.013211957610564389,0.0001402551958583877,0.9866477871935765
68.06806806806807,0.013211701806965303,0.00013608546664123976,0.9866522127263928
68.26826826826827,0.013211453612530772,0.00013203968930439078,0.9866565066981642
68.46846846846847,0.013211212800773859,0.0001281141792090622,0.9866606730200164
68.66866866866867,0.013210979152044538,0.00012430536258094726,0.9866647154853738
68.86886886886887,0.013210752453357646,0.00012060977370944735,0.9866686377729322
69.06906906906907,0.013210532498230992,0.00011702405230729311,0.986672443449461
69.26926926926927,0.01321031908653364,0.00011354494103055008,0.9866761359724351
69.46946946946947,0.0132101120216662,0.00011016924086795553,0.9866797187374652
69.66966966966967,0.013209911119091726,0.0001068939472806145,0.986683194933627
69.86986986986987,0.013209716191239992,0.00010371600900380044,0.9866865677997555
70.07007007007007,0.013209527060596074,0.00010063253636322827,0.9866898404030401
70.27027027027027,0.01320934355487578,9.764072466101681e-05,0.9866930157204625
70.47047047047047,0.01320916550692987,9.473785260024899e-05,0.9866960966404692
70.67067067067067,0.013208992754648244,9.192128070953205e-05,0.9866990859646416
70.87087087087087,0.013208825140864152,8.918844976755779e-05,0.9867019864093677
71.07107107107107,0.013208662513088162,8.653687658252668e-05,0.9867048006103287
71.27127127127127,0.013208504721359727,8.396412052193382e-05,0.9867075311581177
71.47147147147147,0.01320835162112174,8.146782809178152e-05,0.9867101805507859
71.67167167167167,0.013208203072761797,7.90457257215772e-05,0.986712751201516
71.87187187187187,0.013208058940958512,7.669560952024874e-05,0.9867152454495206
72.07207207207207,0.013207919094576123,7.441534355151345e-05,0.9867176655618717
72.27227227227228,0.013207783406559087,7.220285810924718e-05,0.986720013735331
72.47247247247248,0.013207651753826688,7.005614799285332e-05,0.9867222920981799
72.67267267267268,0.013207524017167632,6.797327078263192e-05,0.9867245027120491
72.87287287287288,0.013207400081134652,6.59523451151487e-05,0.9867266475737496
73.07307307307308,0.013207279833939111,6.399154895860415e-05,0.9867287286171017
73.27327327327328,0.013207163165709527,6.208909282833242e-05,0.9867307477414614
73.47347347347348,0.01320704996813796,6.024321426044288e-05,0.986732706817601
73.67367367367368,0.013206940138076129,5.845223278315243e-05,0.98673460762914
73.87387387387388,0.013206833575405832,5.67145171880253e-05,0.9867364519074054
74.07407407407408,0.013206730182888322,5.502848311236884e-05,0.9867382413339986
74.27427427427428,0.013206629866045328,5.339259110671493e-05,0.9867399775428473
74.47447447447448,0.013206532533040088,5.1805344702301556e-05,0.9867416621222569
74.67467467467468,0.013206438094558376,5.026528847855424e-05,0.9867432966169624
74.87487487487488,0.013206346463689528,4.877100613056759e-05,0.9867448825301792
75.07507507507508,0.013206257555807479,4.7321118536586765e-05,0.9867464213256553
75.27527527527528,0.013206171288928675,4.591428960822859e-05,0.9867479144214624
75.47547547547548,0.0132060875877794,4.454929267700478e-05,0.9867493631195429
75.67567567567568,0.01320600637713704,4.322490183483558e-05,0.9867507687210274
75.87587587587588,0.01320592758296405,4.193991044905537e-05,0.9867521325065861
76.07607607607608,0.013205851133273955,4.0693145304374386e-05,0.9867534557214209
76.27627627627628,0.013205776958032338,3.948346499600715e-05,0.9867547395769709
76.47647647647648,0.013205704989057812,3.8309758322801046e-05,0.9867559852526187
76.67667667667668,0.013205635159923016,3.717094268036484e-05,0.9867571938973959
76.87687687687688,0.01320556740585559,3.6065962454197185e-05,0.9867583666316895
77.07707707707708,0.01320550166363916,3.499378741281513e-05,0.9867595045489473
77.27727727727728,0.013205437871514326,3.3953411100882663e-05,0.986760608717384
77.47747747747748,0.01320537597283015,3.2943909903323e-05,0.9867616801172658
77.67767767767768,0.013205315915319813,3.1964431322629733e-05,0.9867627196533568
77.87787787787788,0.013205257644422925,3.1014085950647375e-05,0.9867637282696257
78.07807807807808,0.013205201107101832,3.00920091988937e-05,0.9867647068836986
78.27827827827828,0.013205146251791507,2.9197360482717775e-05,0.9867656563877251
78.47847847847848,0.013205093028327933,2.8329322057787237e-05,0.9867665776496135
78.67867867867868,0.013205041387876499,2.7487097856575656e-05,0.9867674715142662
78.87887887887888,0.013204991282860389,2.666991232484983e-05,0.9867683388048141
79.07907907907908,0.013204942666888972,2.5877009258157134e-05,0.9867691803238522
79.27927927927928,0.013204895494686187,2.510765063831282e-05,0.9867699968546748
79.47947947947948,0.013204849722554809,2.436112414477359e-05,0.9867707891532997
79.67967967967968,0.013204805311797524,2.363679853335245e-05,0.9867715578896684
79.87987987987988,0.013204762222752558,2.293402707647528e-05,0.9867723037501702
80.08008008008008,0.01320472041618687,2.2252170112966295e-05,0.9867730274136994
80.28028028028028,0.013204679853937544,2.1590605427131332e-05,0.9867737295406346
80.48048048048048,0.013204640498857455,2.0948727364769164e-05,0.986774410773777
80.68068068068068,0.013204602314760916,2.032594594918282e-05,0.9867750717392892
80.88088088088088,0.01320456526636934,1.97216859971909e-05,0.9867757130476328
81.08108108108108,0.013204529319256895,1.913538623513889e-05,0.9867763352945073
81.28128128128128,0.013204494439796169,1.8566498414910497e-05,0.9867769390617882
81.48148148148148,0.013204460595103813,1.801448642993894e-05,0.9867775249184656
81.68168168168168,0.013204427730605118,1.7478461008063864e-05,0.9867780938083861
81.88188188188188,0.013204395878726719,1.6958949091263157e-05,0.9867786451721814
82.08208208208208,0.01320436497109248,1.6454836823084733e-05,0.9867791801920838
82.28228228228228,0.013204334980734473,1.5965684424626617e-05,0.9867796993348402
82.48248248248248,0.013204305881161695,1.5491059901407874e-05,0.9867802030589362
82.68268268268268,0.013204277646360077,1.5030539043368586e-05,0.9867806918145958
82.88288288288288,0.013204250250792481,1.4583705424869859e-05,0.986781166043782
83.08308308308308,0.0132042236693987,1.4150150404693828e-05,0.9867816261801959
83.28328328328328,0.013204197877595457,1.3729473126043648e-05,0.9867820726492779
83.48348348348348,0.013204172851276404,1.3321280516543505e-05,0.9867825058682064
83.68368368368368,0.013204148567348195,1.2925196000058088e-05,0.9867829262366511
83.88388388388388,0.013204125006181566,1.254089932990299e-05,0.9867833340944878
84.08408408408408,0.013204102146656538,1.2168046067057418e-05,0.9867837298072757
84.28428428428428,0.013204079967748547,1.1806293356771812e-05,0.986784113738894
84.48448448448448,0.013204058448994178,1.1455307497447718e-05,0.9867844862435077
84.68468468468468,0.013204037570491173,1.1114763940637765e-05,0.9867848476655675
84.88488488488488,0.013204017312898428,1.0784347291045686e-05,0.9867851983398098
85.08508508508508,0.013203997657435991,1.0463751306526303e-05,0.9867855385912568
85.28528528528528,0.013203978585885064,1.0152678898085536e-05,0.9867858687352162
85.4854854854855,0.013203960080588004,9.850842129880375e-06,0.9867861890772814
85.6856856856857,0.01320394212444832,9.557962219218974e-06,0.9867864999133318
85.8858858858859,0.013203924700930673,9.273769536560513e-06,0.9867868015295321
86.0860860860861,0.013203907793992364,8.998002459802531e-06,0.9867870942035472
86.2862862862863,0.013203891387868077,8.730403774977937e-06,0.9867873782083563
86.4864864864865,0.01320387546756275,8.470728917727662e-06,0.9867876538035188
86.6866866866867,0.013203860018668748,8.218742916219697e-06,0.9867879212384143
86.8868868868869,0.01320384502733125,7.974219812208557e-06,0.9867881807528558
87.0870870870871,0.013203830480248238,7.736942661035285e-06,0.98678843257709
87.2872872872873,0.0132038163646705,7.50670353162745e-06,0.9867886769317972
87.4874874874875,0.013203802668401632,7.283303506499146e-06,0.9867889140280912
87.6876876876877,0.013203789379798037,7.066552681750997e-06,0.9867891440675195
87.8878878878879,0.01320377648776893,6.856270167070149e-06,0.9867893672420633
88.0880880880881,0.013203763981776324,6.6522840857302775e-06,0.9867895837341373
88.2882882882883,0.013203751851835047,6.454431574591583e-06,0.9867897937165897
88.4884884884885,0.01320374008684635,6.262531618800204e-06,0.9867899973815341
88.6886886886887,0.013203728671111215,6.076328211647722e-06,0.9867901950006764
88.8888888888889,0.01320371759370895,5.8956432444385e-06,0.9867903867630459
89.0890890890891,0.01320370684458853,5.72031278744513e-06,0.9867905728426233
89.2892892892893,0.013203696414089944,5.550179287033483e-06,0.9867907534066223
89.4894894894895,0.013203686292944203,5.385091565662701e-06,0.9867909286154894
89.6896896896897,0.013203676472273329,5.224904821885204e-06,0.986791098622904
89.8898898898899,0.01320366694359037,5.0694806303466835e-06,0.9867912635757785
90.0900900900901,0.013203657698799384,4.918686941786107e-06,0.9867914236142581
90.2902902902903,0.013203648730195448,4.772398083035715e-06,0.9867915788717208
90.4904904904905,0.01320364003046466,4.630494757021025e-06,0.9867917294747776
90.6906906906907,0.013203631592684133,4.4928640427608274e-06,0.9867918755432724
90.8908908908909,0.01320362340881035,4.359374751126876e-06,0.9867920172164377
91.0910910910911,0.013203615467721305,4.229845506000309e-06,0.986792154686772
91.2912912912913,0.013203607761860655,4.104153063404816e-06,0.9867922880850751
91.4914914914915,0.013203600284178383,3.982182435182959e-06,0.9867924175333856
91.6916916916917,0.013203593027895892,3.86382305958581e-06,0.9867925431490437
91.8918918918919,0.013203585986506014,3.7489688012729448e-06,0.986792665044692
92.0920920920921,0.013203579153773006,3.6375179513124416e-06,0.9867927833282749
92.2922922922923,0.01320357252373255,3.529373227180884e-06,0.9867928981030395
92.4924924924925,0.01320356609069176,3.424441772763361e-06,0.9867930094675347
92.6926926926927,0.013203559849229166,3.3226351583534647e-06,0.9867931175156117
92.8928928928929,0.013203553794194738,3.223869380653293e-06,0.9867932223364239
93.0930930930931,0.013203547920709857,3.1280648627734474e-06,0.9867933240144267
93.2932932932933,0.013203542223045556,3.0351281637565946e-06,0.9867934226487899
93.4934934934935,0.013203536693868777,2.9449396892950324e-06,0.9867935183664411
93.6936936936937,0.013203531328056498,2.8574158800130925e-06,0.9867936112560627
93.8938938938939,0.013203526120769542,2.7724778055328714e-06,0.9867937014014241
94.0940940940941,0.013203521067366534,2.6900497612790195e-06,0.9867937888828714
94.2942942942943,0.013203516163403877,2.6100592684787416e-06,0.9867938737773267
94.4944944944945,0.013203511404635777,2.532437074161795e-06,0.9867939561582892
94.6946946946947,0.013203506787014223,2.4571171511604914e-06,0.9867940360958338
94.8948948948949,0.013203502306689,2.3840366981096974e-06,0.9867941136566121
95.0950950950951,0.013203497960007677,2.313136139446832e-06,0.9867941889038521
95.2952952952953,0.01320349374351562,2.244359125411869e-06,0.9867942618973581
95.4954954954955,0.013203489653955989,2.1776525320473344e-06,0.9867943326935111
95.6956956956957,0.013203485686872499,2.1129436758553494e-06,0.9867944013694507
95.8958958958959,0.013203481836476436,2.05013814488505e-06,0.9867944680253777
96.0960960960961,0.013203478099243784,1.9891784591927485e-06,0.9867945327222961
96.2962962962963,0.013203474471843371,1.9300102839689145e-06,0.9867945955178717
96.4964964964965,0.013203470951091647,1.8725816921379272e-06,0.9867946564672153
96.6966966966967,0.013203467533952693,1.8168431643580743e-06,0.986794715622882
96.8968968968969,0.013203464217538215,1.7627475890215526e-06,0.9867947730348718
97.0970970970971,0.013203460999107542,1.7102502622544688e-06,0.9867948287506293
97.2972972972973,0.013203457876067632,1.659308887916838e-06,0.9867948828150436
97.4974974974975,0.013203454845973068,1.6098835776025855e-06,0.9867949352704484
97.6976976976977,0.013203451906526059,1.5619368506395447e-06,0.9867949861566224
97.8978978978979,0.01320344905557644,1.5154336340894591e-06,0.9867950355107885
98.0980980980981,0.01320344629112167,1.4703412627479812e-06,0.9867950833676147
98.2982982982983,0.01320344361130684,1.4266294791446723e-06,0.9867951297592131
98.4984984984985,0.01320344101442466,1.3842704335430034e-06,0.9867951747151409
98.6986986986987,0.013203438496812372,1.343204385232408e-06,0.9867952182988015
98.8988988988989,0.013203436053748472,1.3033543267985632e-06,0.9867952605919238
99.0990990990991,0.01320343368295759,1.2646831443607558e-06,0.9867953016338972
99.2992992992993,0.013203431382260737,1.227155295909372e-06,0.9867953414624424
99.4994994994995,0.013203429149565302,1.1907366483212506e-06,0.9867953801137854
99.6996996996997,0.013203426982865054,1.155394477359684e-06,0.9867954176226567
99.8998998998999,0.013203424880240138,1.1210974676744173e-06,0.9867954540222913
100.10010010010011,0.01320342283985708,1.0878157128016492e-06,0.9867954893444292
100.30030030030031,0.013203420859968793,1.0555207151640309e-06,0.9867955236193151
100.50050050050051,0.013203418938914557,1.0241853860706678e-06,0.9867955568756984
100.70070070070071,0.01320341707512004,9.937840457171177e-07,0.9867955891408333
100.90090090090091,0.013203415267097288,9.642924231853918e-07,0.9867956204404786
101.10110110110111,0.013203413513444727,9.356876564439545e-07,0.986795650798898
101.30130130130131,0.01320341181284716,9.079482923477234e-07,0.9867956802388596
